    unsorted:	 385.5314224 385.5314224 385.5314224 385.5314224 385.5314224 385.5314224 385.5314224 385.5314224 385.5314224 385.5314224 385.5314224 385.5314224 385.5314224 385.5314224 385.5314224 455.9122042 450.5699432 448.4742028 447.6829109 443.5336857 461.6342234 438.1836851 433.0338973 428.2317039 423.8743930 420.2800626 418.0958509 415.3330969 412.1620893 409.1960681 406.5065836 465.9922048 469.7310235 475.4312039 481.5835770 487.4182846 487.6845669 493.1448856 497.7623477 499.7801394 502.3022760 504.4014383 507.8325462 511.6735133 514.6191126 517.1533754 519.2960243 520.3571851 522.4452271 395.3492045 385.4541333 390.1682718 381.6636478 380.6572310 375.6354355 358.1766615 352.8091742 348.0838022 345.1488557 328.1523882 314.6543951 304.0222533 580.1532935 280.6615235 261.6709434 248.4209863 625.4803270 177.4163092 149.2899525 156.0345638 141.0110936 733.5904162 740.0172946 64.27754079 39.79340935 49.86258229 20.86832734 29.92309972 13.50676044 0.07475370937 0.1296659512 0.9208808570 912.4210277 1155.589062 1302.256199 1528.491667 1610.891892 1864.890436 2469.726866 2952.853568 3473.013616 4490.457643 4724.458276 5420.499565 6211.595026 6956.615832 9139.003080 11339.79422 19212.53030 18777.94324 20984.37501 62684.83737 71609.49677 846374.2030
      sorted:	 0.07475370937 0.1296659512 0.9208808570 13.50676044 20.86832734 29.92309972 39.79340935 49.86258229 64.27754079 141.0110936 149.2899525 156.0345638 177.4163092 248.4209863 261.6709434 280.6615235 304.0222533 314.6543951 328.1523882 345.1488557 348.0838022 352.8091742 358.1766615 375.6354355 380.6572310 381.6636478 385.4541333 385.5314224 385.5314224 385.5314224 385.5314224 385.5314224 385.5314224 385.5314224 385.5314224 385.5314224 385.5314224 385.5314224 385.5314224 385.5314224 385.5314224 385.5314224 390.1682718 395.3492045 406.5065836 409.1960681 412.1620893 415.3330969 418.0958509 420.2800626 423.8743930 428.2317039 433.0338973 438.1836851 443.5336857 447.6829109 448.4742028 450.5699432 455.9122042 461.6342234 465.9922048 469.7310235 475.4312039 481.5835770 487.4182846 487.6845669 493.1448856 497.7623477 499.7801394 502.3022760 504.4014383 507.8325462 511.6735133 514.6191126 517.1533754 519.2960243 520.3571851 522.4452271 580.1532935 625.4803270 733.5904162 740.0172946 912.4210277 1155.589062 1302.256199 1528.491667 1610.891892 1864.890436 2469.726866 2952.853568 3473.013616 4490.457643 4724.458276 5420.499565 6211.595026 6956.615832 9139.003080 11339.79422 18777.94324 19212.53030 20984.37501 62684.83737 71609.49677 846374.2030
