    unsorted:	 385.5314224 385.5314224 385.5314224 385.5314224 385.5314224 385.5314224 385.5314224 386.9453887 387.1863826 386.7495756 387.4994780 387.9248670 388.5129664 389.3297064 385.4266055 390.4081178 390.8186145 392.2462224 394.7791496 394.5549770 382.5372603 398.4508624 403.6419207 374.9518985 410.3259269 413.9042228 369.5895288 418.7989841 418.3011960 363.3438957 428.0323043 357.5143876 347.3533033 348.9746254 439.7729470 342.4354612 451.1391510 455.6570776 474.3355037 481.1445649 488.6497628 316.4126049 500.5487473 297.3083123 523.3691753 534.1739000 542.5891428 557.1662325 284.7184248 566.9298247 578.1528106 596.8486352 606.1831691 612.6183803 615.1766050 242.9119097 650.8756370 680.6780639 695.5707593 702.3694444 171.6281837 120.2952432 763.3368191 76.45855625 8.406936184 8.691059749 0.9772662686 0.5427683712 2.055058133 4.772966941 60.47354164 50.47724165 825.2591801 926.7761748 1101.931802 1151.346542 1375.836000 1581.451161 1765.350840 1933.628344 2178.151158 2669.668962 3055.307163 3467.911955 4013.488084 4765.975250 6111.504005 6629.456995 7391.462888 10906.09359 11942.67623 13146.28710 15728.27220 17825.20896 18618.27735 19551.94390 24289.93225 50000.18910 78265.27184 135882.9047 862368.4395
      sorted:	 0.5427683712 0.9772662686 2.055058133 4.772966941 8.406936184 8.691059749 50.47724165 60.47354164 76.45855625 120.2952432 171.6281837 242.9119097 284.7184248 297.3083123 316.4126049 342.4354612 347.3533033 348.9746254 357.5143876 363.3438957 369.5895288 374.9518985 382.5372603 385.4266055 385.5314224 385.5314224 385.5314224 385.5314224 385.5314224 385.5314224 385.5314224 386.7495756 386.9453887 387.1863826 387.4994780 387.9248670 388.5129664 389.3297064 390.4081178 390.8186145 392.2462224 394.5549770 394.7791496 398.4508624 403.6419207 410.3259269 413.9042228 418.3011960 418.7989841 428.0323043 439.7729470 451.1391510 455.6570776 474.3355037 481.1445649 488.6497628 500.5487473 523.3691753 534.1739000 542.5891428 557.1662325 566.9298247 578.1528106 596.8486352 606.1831691 612.6183803 615.1766050 650.8756370 680.6780639 695.5707593 702.3694444 763.3368191 825.2591801 926.7761748 1101.931802 1151.346542 1375.836000 1581.451161 1765.350840 1933.628344 2178.151158 2669.668962 3055.307163 3467.911955 4013.488084 4765.975250 6111.504005 6629.456995 7391.462888 10906.09359 11942.67623 13146.28710 15728.27220 17825.20896 18618.27735 19551.94390 24289.93225 50000.18910 78265.27184 135882.9047 862368.4395
