    unsorted:	 385.5314224 385.5314224 385.5314224 385.5314224 385.5314224 385.5314224 385.5314224 385.5314224 422.5171594 427.0029324 425.0092342 429.1515733 431.8921495 418.5514858 418.1181408 414.7680902 437.1402811 442.6418791 441.7169682 446.2265741 448.9079206 450.9998579 452.0894683 412.7327038 457.4216490 464.1770306 403.8003045 471.3841882 478.8070537 486.1512922 486.9684970 493.4389762 393.5888204 391.1721881 498.4455631 503.1606600 509.9760826 515.6999505 517.7312961 523.4240756 528.0305154 529.3366344 531.9598140 536.9523626 381.5095954 541.8844815 544.7606998 545.5797003 548.5746577 551.3350819 552.8054247 375.3530803 339.9978099 331.0205950 325.4102637 578.4077229 296.5861377 298.7411222 273.8001965 279.6487543 265.8277790 259.0170378 256.4994501 238.7723706 622.6728945 221.2546379 209.9679110 169.0327235 700.5242585 140.6850412 55.05718662 65.33251663 11.17969722 9.251023902 6.341730084 15.72351455 3.959444759 0.1108290148 788.1628646 944.5190562 1070.162401 1294.706982 1447.842548 1489.930391 1768.868709 1855.630769 2085.984635 2814.211920 2838.130845 3419.552237 3673.881957 4831.523278 5355.383089 6623.748337 8324.450966 10781.10336 12587.10026 16458.36914 17806.86006 18878.80794 27989.38443 83009.10694 123153.4413 1304037.051
      sorted:	 0.1108290148 3.959444759 6.341730084 9.251023902 11.17969722 15.72351455 55.05718662 65.33251663 140.6850412 169.0327235 209.9679110 221.2546379 238.7723706 256.4994501 259.0170378 265.8277790 273.8001965 279.6487543 296.5861377 298.7411222 325.4102637 331.0205950 339.9978099 375.3530803 381.5095954 385.5314224 385.5314224 385.5314224 385.5314224 385.5314224 385.5314224 385.5314224 385.5314224 391.1721881 393.5888204 403.8003045 412.7327038 414.7680902 418.1181408 418.5514858 422.5171594 425.0092342 427.0029324 429.1515733 431.8921495 437.1402811 441.7169682 442.6418791 446.2265741 448.9079206 450.9998579 452.0894683 457.4216490 464.1770306 471.3841882 478.8070537 486.1512922 486.9684970 493.4389762 498.4455631 503.1606600 509.9760826 515.6999505 517.7312961 523.4240756 528.0305154 529.3366344 531.9598140 536.9523626 541.8844815 544.7606998 545.5797003 548.5746577 551.3350819 552.8054247 578.4077229 622.6728945 700.5242585 788.1628646 944.5190562 1070.162401 1294.706982 1447.842548 1489.930391 1768.868709 1855.630769 2085.984635 2814.211920 2838.130845 3419.552237 3673.881957 4831.523278 5355.383089 6623.748337 8324.450966 10781.10336 12587.10026 16458.36914 17806.86006 18878.80794 27989.38443 83009.10694 123153.4413 1304037.051
