    unsorted:	 385.5314224 385.5314224 385.5314224 385.5314224 385.5314224 385.5314224 385.5314224 385.5314224 385.5314224 385.5314224 385.5314224 385.5314224 385.5314224 385.5314224 385.5314224 385.5314224 385.5314224 413.8885832 414.7930925 417.5370669 410.8849562 410.2031243 421.4242004 407.9214545 425.7069265 404.8346205 430.3740347 400.4993903 435.4014952 440.7114295 446.0170623 449.1928244 452.4462461 455.7699609 459.8279810 465.4184038 467.8440343 472.0633375 385.4543981 389.8612431 381.7648271 478.0125112 483.4259147 486.7449901 491.0747482 496.1312374 498.8077111 500.6816659 504.1081767 506.2008526 508.8582850 511.6004498 513.6123553 515.3322964 516.3922317 369.5728067 368.6732226 349.9480900 342.4753409 338.5763953 556.6034624 312.2107735 290.2884082 275.3808727 251.0633916 230.9984581 627.5220717 656.0617949 177.6214856 144.1135186 128.8918029 100.8995965 73.17533339 38.89782034 25.44636100 19.90043825 18.64034252 16.78628732 34.78034120 0.06670159760 0.4107486545 1.735232592 2.558380753 747.4727060 865.7488765 909.2526859 1096.077380 1389.497582 1471.632156 2252.087790 2465.785527 2727.338148 3739.847478 4247.259993 4634.907187 5160.454881 5655.280008 7629.496998 10290.80688 18321.17678 19835.14397 52297.69024 64588.16995 799633.9706
      sorted:	 0.06670159760 0.4107486545 1.735232592 2.558380753 16.78628732 18.64034252 19.90043825 25.44636100 34.78034120 38.89782034 73.17533339 100.8995965 128.8918029 144.1135186 177.6214856 230.9984581 251.0633916 275.3808727 290.2884082 312.2107735 338.5763953 342.4753409 349.9480900 368.6732226 369.5728067 381.7648271 385.4543981 385.5314224 385.5314224 385.5314224 385.5314224 385.5314224 385.5314224 385.5314224 385.5314224 385.5314224 385.5314224 385.5314224 385.5314224 385.5314224 385.5314224 385.5314224 385.5314224 385.5314224 389.8612431 400.4993903 404.8346205 407.9214545 410.2031243 410.8849562 413.8885832 414.7930925 417.5370669 421.4242004 425.7069265 430.3740347 435.4014952 440.7114295 446.0170623 449.1928244 452.4462461 455.7699609 459.8279810 465.4184038 467.8440343 472.0633375 478.0125112 483.4259147 486.7449901 491.0747482 496.1312374 498.8077111 500.6816659 504.1081767 506.2008526 508.8582850 511.6004498 513.6123553 515.3322964 516.3922317 556.6034624 627.5220717 656.0617949 747.4727060 865.7488765 909.2526859 1096.077380 1389.497582 1471.632156 2252.087790 2465.785527 2727.338148 3739.847478 4247.259993 4634.907187 5160.454881 5655.280008 7629.496998 10290.80688 18321.17678 19835.14397 52297.69024 64588.16995 799633.9706
