    unsorted:	 28.58663355 343.3898472 83573.91635 2.000000000
      sorted:	 2.000000000 28.58663355 343.3898472 83573.91635
