    unsorted:	 385.5314224 385.5314224 385.5314224 385.5314224 385.5314224 385.5314224 385.5314224 419.1796644 419.5456570 423.7158585 424.8158819 427.9983797 428.4653489 432.6762987 415.7733910 433.3972078 414.9476376 412.3419523 438.7505217 444.3692196 449.1269540 452.4410638 456.1757227 458.8270276 404.2578840 465.2816296 397.8394194 396.7245026 472.2531649 388.6223043 479.3443159 486.2614167 491.6879911 495.7505457 500.8896521 502.3220587 508.8001499 510.6363444 514.9033041 519.5355344 522.0273972 526.4170842 528.7529401 532.3643509 535.6446117 538.5952384 541.2890229 541.8101011 543.0175908 376.6586881 370.4181274 350.9622024 328.0943453 325.5066844 317.1677508 292.4655903 289.4279739 282.6930435 270.7647906 604.6556852 248.8459895 245.2816624 620.1737332 201.0036661 682.5170693 167.4159693 125.0111438 62.39702060 56.71541680 53.01254578 46.79632772 47.64742177 6.377970555 5.171148003 4.273988023 0.1548637114 778.8980892 891.5575540 1131.277163 1289.159726 1614.212527 1786.036049 1863.462160 2623.077156 2849.794115 3290.865613 3572.090576 4648.963098 4547.191396 5073.004928 6349.923954 7671.385988 11036.62283 10815.41017 17806.88010 16967.63722 18316.09954 27545.72868 80366.56659 116178.1185 1228777.630
      sorted:	 0.1548637114 4.273988023 5.171148003 6.377970555 46.79632772 47.64742177 53.01254578 56.71541680 62.39702060 125.0111438 167.4159693 201.0036661 245.2816624 248.8459895 270.7647906 282.6930435 289.4279739 292.4655903 317.1677508 325.5066844 328.0943453 350.9622024 370.4181274 376.6586881 385.5314224 385.5314224 385.5314224 385.5314224 385.5314224 385.5314224 385.5314224 388.6223043 396.7245026 397.8394194 404.2578840 412.3419523 414.9476376 415.7733910 419.1796644 419.5456570 423.7158585 424.8158819 427.9983797 428.4653489 432.6762987 433.3972078 438.7505217 444.3692196 449.1269540 452.4410638 456.1757227 458.8270276 465.2816296 472.2531649 479.3443159 486.2614167 491.6879911 495.7505457 500.8896521 502.3220587 508.8001499 510.6363444 514.9033041 519.5355344 522.0273972 526.4170842 528.7529401 532.3643509 535.6446117 538.5952384 541.2890229 541.8101011 543.0175908 604.6556852 620.1737332 682.5170693 778.8980892 891.5575540 1131.277163 1289.159726 1614.212527 1786.036049 1863.462160 2623.077156 2849.794115 3290.865613 3572.090576 4547.191396 4648.963098 5073.004928 6349.923954 7671.385988 10815.41017 11036.62283 16967.63722 17806.88010 18316.09954 27545.72868 80366.56659 116178.1185 1228777.630
