    unsorted:	 385.5314224 385.5314224 385.5314224 385.5314224 385.5314224 385.5314224 445.4877516 445.9365197 444.3486948 442.3804169 438.6000515 451.2925697 433.1545913 428.1060190 423.4965713 421.9020726 419.3157281 418.5985492 415.5282374 415.0899755 457.7671364 459.7277171 465.3986452 472.8554414 469.9266269 473.3565731 403.9528017 480.4257639 400.4150019 397.6992156 488.0028059 489.8014112 495.3646035 385.6681102 499.2583089 504.5182094 511.7661659 515.4313529 518.7658512 525.0190188 528.9597625 532.7563015 538.1553354 542.5839807 545.5070733 549.3363109 551.6558143 553.3098609 374.4919658 560.8558325 360.9173070 342.4015464 353.6861376 341.8107828 337.9548304 327.9596794 329.6976655 303.4080316 301.3441107 596.1946897 278.7720220 262.9087648 217.5356155 666.1618780 200.2855860 152.6775516 724.2175973 127.1092669 72.77435074 45.62619974 52.88149353 0.1572102467 0.09111032584 0.2348311552 12.03472017 13.76332220 11.06816538 830.2983910 935.6784286 998.3647630 1092.825871 1188.562384 1372.561740 1443.132306 1702.648420 1788.272530 2296.374806 2608.889369 3249.154867 3513.398960 4169.182310 5187.349328 5634.450284 7060.060936 7168.811592 9379.467668 11219.35205 17808.36765 17461.72945 20765.29876 29260.28688 81880.66036 135402.2991 1435948.321
      sorted:	 0.09111032584 0.1572102467 0.2348311552 11.06816538 12.03472017 13.76332220 45.62619974 52.88149353 72.77435074 127.1092669 152.6775516 200.2855860 217.5356155 262.9087648 278.7720220 301.3441107 303.4080316 327.9596794 329.6976655 337.9548304 341.8107828 342.4015464 353.6861376 360.9173070 374.4919658 385.5314224 385.5314224 385.5314224 385.5314224 385.5314224 385.5314224 385.6681102 397.6992156 400.4150019 403.9528017 415.0899755 415.5282374 418.5985492 419.3157281 421.9020726 423.4965713 428.1060190 433.1545913 438.6000515 442.3804169 444.3486948 445.4877516 445.9365197 451.2925697 457.7671364 459.7277171 465.3986452 469.9266269 472.8554414 473.3565731 480.4257639 488.0028059 489.8014112 495.3646035 499.2583089 504.5182094 511.7661659 515.4313529 518.7658512 525.0190188 528.9597625 532.7563015 538.1553354 542.5839807 545.5070733 549.3363109 551.6558143 553.3098609 560.8558325 596.1946897 666.1618780 724.2175973 830.2983910 935.6784286 998.3647630 1092.825871 1188.562384 1372.561740 1443.132306 1702.648420 1788.272530 2296.374806 2608.889369 3249.154867 3513.398960 4169.182310 5187.349328 5634.450284 7060.060936 7168.811592 9379.467668 11219.35205 17461.72945 17808.36765 20765.29876 29260.28688 81880.66036 135402.2991 1435948.321
