    unsorted:	 385.5314224 385.5314224 385.5314224 385.5314224 385.5314224 385.5314224 426.5749136 426.7685852 428.0515101 423.5262591 423.1650814 419.2057596 420.0299661 418.4254808 415.4479835 433.0745560 438.5436025 407.9456107 408.7240360 443.5926299 445.2119672 449.6644274 451.1800864 403.7679238 457.9080575 464.4162486 466.2553377 472.7684134 480.3180106 483.6786268 487.8967444 489.5190498 385.8713442 495.6775109 501.4096355 504.9468773 382.1478269 511.8217066 518.7987602 376.1658608 373.1082727 523.5888187 526.2712581 532.1131594 538.2434276 536.8959498 543.3938057 546.4978389 549.7340725 552.3741243 553.9214063 558.7315184 335.2591026 327.3857484 332.3062617 324.9699831 317.8164859 299.0368238 291.4677985 281.1659586 270.1150103 613.1268912 252.1706618 217.5007902 675.3767386 171.7645064 151.4623189 123.5958821 93.40418003 759.8663044 56.34992938 0.1595883558 0.1105959882 0.4605823723 17.70892044 18.12402604 12.36916235 44.95620225 860.6316320 1072.710521 1235.752689 1295.073398 1459.007179 1586.717920 1707.324700 2156.984255 2410.792531 3083.687393 3209.690198 3354.016960 3939.068171 5000.238769 5502.975061 6894.715220 8553.948555 10628.93428 11512.99249 17806.06691 18748.56360 21036.20570 28534.10310 83570.45144 137479.1588 1422081.690
      sorted:	 0.1105959882 0.1595883558 0.4605823723 12.36916235 17.70892044 18.12402604 44.95620225 56.34992938 93.40418003 123.5958821 151.4623189 171.7645064 217.5007902 252.1706618 270.1150103 281.1659586 291.4677985 299.0368238 317.8164859 324.9699831 327.3857484 332.3062617 335.2591026 373.1082727 376.1658608 382.1478269 385.5314224 385.5314224 385.5314224 385.5314224 385.5314224 385.5314224 385.8713442 403.7679238 407.9456107 408.7240360 415.4479835 418.4254808 419.2057596 420.0299661 423.1650814 423.5262591 426.5749136 426.7685852 428.0515101 433.0745560 438.5436025 443.5926299 445.2119672 449.6644274 451.1800864 457.9080575 464.4162486 466.2553377 472.7684134 480.3180106 483.6786268 487.8967444 489.5190498 495.6775109 501.4096355 504.9468773 511.8217066 518.7987602 523.5888187 526.2712581 532.1131594 536.8959498 538.2434276 543.3938057 546.4978389 549.7340725 552.3741243 553.9214063 558.7315184 613.1268912 675.3767386 759.8663044 860.6316320 1072.710521 1235.752689 1295.073398 1459.007179 1586.717920 1707.324700 2156.984255 2410.792531 3083.687393 3209.690198 3354.016960 3939.068171 5000.238769 5502.975061 6894.715220 8553.948555 10628.93428 11512.99249 17806.06691 18748.56360 21036.20570 28534.10310 83570.45144 137479.1588 1422081.690
