    unsorted:	 385.5314224 385.5314224 385.5314224 385.5314224 385.5314224 385.5314224 420.6049793 420.7891980 416.7824696 415.3481388 413.2027865 424.9272382 411.4037696 429.6430424 432.1959017 434.8064449 437.0149910 408.2895462 440.3828241 446.2965018 452.1118215 455.1106166 459.3573391 397.9045827 397.4820007 394.5214778 463.0625522 468.0111717 474.8806357 482.1179356 489.3677970 379.2663860 495.8834611 499.6306028 505.2765574 511.9191548 514.3748674 518.5081048 524.0771096 527.9206553 531.4883135 536.3903961 539.9942398 542.5745718 544.1330023 545.7265682 547.1439870 371.4618628 551.5200691 335.1932374 331.5168123 326.0483111 322.7498898 298.2854612 293.8055287 284.2815092 273.6672585 262.4563377 266.5419121 258.0398928 613.8405212 640.4264100 202.8418991 191.2089139 174.1648794 675.5029385 130.0918975 125.0837696 719.2939891 56.92158838 15.61092410 16.85515258 9.599953076 12.19431362 7.821183888 0.1086128943 814.5778750 963.0381946 1215.601272 1328.863056 1667.631889 1743.122839 1873.290122 2103.441800 2722.862103 2862.267315 3446.348530 3556.748354 4713.321810 5233.530930 6434.912881 7981.948101 10559.47234 12366.68950 15840.77436 17784.75881 17827.97413 27862.36045 82818.95288 117051.9202 1225124.258
      sorted:	 0.1086128943 7.821183888 9.599953076 12.19431362 15.61092410 16.85515258 56.92158838 125.0837696 130.0918975 174.1648794 191.2089139 202.8418991 258.0398928 262.4563377 266.5419121 273.6672585 284.2815092 293.8055287 298.2854612 322.7498898 326.0483111 331.5168123 335.1932374 371.4618628 379.2663860 385.5314224 385.5314224 385.5314224 385.5314224 385.5314224 385.5314224 394.5214778 397.4820007 397.9045827 408.2895462 411.4037696 413.2027865 415.3481388 416.7824696 420.6049793 420.7891980 424.9272382 429.6430424 432.1959017 434.8064449 437.0149910 440.3828241 446.2965018 452.1118215 455.1106166 459.3573391 463.0625522 468.0111717 474.8806357 482.1179356 489.3677970 495.8834611 499.6306028 505.2765574 511.9191548 514.3748674 518.5081048 524.0771096 527.9206553 531.4883135 536.3903961 539.9942398 542.5745718 544.1330023 545.7265682 547.1439870 551.5200691 613.8405212 640.4264100 675.5029385 719.2939891 814.5778750 963.0381946 1215.601272 1328.863056 1667.631889 1743.122839 1873.290122 2103.441800 2722.862103 2862.267315 3446.348530 3556.748354 4713.321810 5233.530930 6434.912881 7981.948101 10559.47234 12366.68950 15840.77436 17784.75881 17827.97413 27862.36045 82818.95288 117051.9202 1225124.258
