    unsorted:	 385.5314224 385.5314224 385.5314224 385.5314224 385.5314224 385.5314224 387.0888738 386.9854164 387.3164174 386.7734968 386.5726168 387.7120730 388.2593535 388.9943450 389.7895934 390.5245939 392.0458662 394.4094579 395.2074108 396.2277472 398.4265678 380.9684029 403.6311256 406.8521612 376.7894624 410.7775346 368.8942134 418.9190247 424.8729890 428.8390336 431.9605784 434.2135446 362.8637801 440.9424238 356.4373638 351.5664723 351.8877676 454.2057921 459.8364175 476.4991794 488.3196133 503.2414606 512.9461355 319.5659753 521.1226480 539.8628753 300.3111460 565.0894323 572.4623916 580.2035010 583.3828269 596.1002811 609.1364657 616.4584172 250.7469141 634.3832607 655.0147581 168.1207085 693.5921860 108.1332985 735.1988074 748.2496647 1.228848259 0.6026309830 1.972172445 2.674052796 3.291409520 8.120151436 72.30797054 48.86434182 48.81477846 805.6937266 900.6501530 1022.641433 1159.569489 1319.413460 1489.739275 1694.239273 1739.438686 2015.916321 2371.395937 2946.286596 3224.026360 4087.348695 4334.782156 5014.479082 6316.241964 6816.561369 7676.099235 10650.49458 11111.27487 13256.69532 16232.45282 17825.29152 18158.13254 23934.48905 24480.20323 48280.40922 80544.47837 135135.8532 867128.9461
      sorted:	 0.6026309830 1.228848259 1.972172445 2.674052796 3.291409520 8.120151436 48.81477846 48.86434182 72.30797054 108.1332985 168.1207085 250.7469141 300.3111460 319.5659753 351.5664723 351.8877676 356.4373638 362.8637801 368.8942134 376.7894624 380.9684029 385.5314224 385.5314224 385.5314224 385.5314224 385.5314224 385.5314224 386.5726168 386.7734968 386.9854164 387.0888738 387.3164174 387.7120730 388.2593535 388.9943450 389.7895934 390.5245939 392.0458662 394.4094579 395.2074108 396.2277472 398.4265678 403.6311256 406.8521612 410.7775346 418.9190247 424.8729890 428.8390336 431.9605784 434.2135446 440.9424238 454.2057921 459.8364175 476.4991794 488.3196133 503.2414606 512.9461355 521.1226480 539.8628753 565.0894323 572.4623916 580.2035010 583.3828269 596.1002811 609.1364657 616.4584172 634.3832607 655.0147581 693.5921860 735.1988074 748.2496647 805.6937266 900.6501530 1022.641433 1159.569489 1319.413460 1489.739275 1694.239273 1739.438686 2015.916321 2371.395937 2946.286596 3224.026360 4087.348695 4334.782156 5014.479082 6316.241964 6816.561369 7676.099235 10650.49458 11111.27487 13256.69532 16232.45282 17825.29152 18158.13254 23934.48905 24480.20323 48280.40922 80544.47837 135135.8532 867128.9461
