    unsorted:	 385.5314224 385.5314224 385.5314224 385.5314224 385.5314224 385.5314224 385.5314224 385.5314224 385.5314224 385.5314224 385.5314224 385.5314224 385.5314224 409.9329381 413.0096144 416.4394551 407.3422557 406.4259174 420.2069040 424.1199143 426.4466073 429.5672367 434.4129051 439.7639559 398.5095139 445.4782515 448.0055409 451.4880674 457.6619735 463.7997100 468.6814729 469.6397837 472.5971223 478.1512407 390.3381158 385.4595106 386.3126980 484.4899929 490.3274823 490.7803047 496.5262536 501.3668052 504.3056627 507.6074108 511.9406761 515.7024555 518.4333139 521.5232996 523.5263951 524.6592410 525.9388416 374.7851377 367.1458464 361.5571399 353.6391717 337.6822918 335.4628147 319.6654049 316.5705515 313.7616502 560.0303870 287.3401658 267.5252593 597.0349702 252.3278051 614.3751099 203.9682715 191.6554909 180.9439557 675.3995184 46.60200034 31.98097449 40.28713611 30.15205346 69.80585934 17.61090788 0.08543488539 0.06870896176 1.244437235 773.1586942 822.0001088 931.1669520 1140.720852 1416.487566 1505.324877 1890.129596 1934.153011 2376.003364 2767.076008 3657.649492 4438.320694 5220.259710 5600.289662 6013.854851 7544.253775 8692.800873 11218.46814 13324.79121 14409.21431 18627.37897 24547.28103 72962.80511 91309.60946 939406.4074
      sorted:	 0.06870896176 0.08543488539 1.244437235 17.61090788 30.15205346 31.98097449 40.28713611 46.60200034 69.80585934 180.9439557 191.6554909 203.9682715 252.3278051 267.5252593 287.3401658 313.7616502 316.5705515 319.6654049 335.4628147 337.6822918 353.6391717 361.5571399 367.1458464 374.7851377 385.4595106 385.5314224 385.5314224 385.5314224 385.5314224 385.5314224 385.5314224 385.5314224 385.5314224 385.5314224 385.5314224 385.5314224 385.5314224 385.5314224 386.3126980 390.3381158 398.5095139 406.4259174 407.3422557 409.9329381 413.0096144 416.4394551 420.2069040 424.1199143 426.4466073 429.5672367 434.4129051 439.7639559 445.4782515 448.0055409 451.4880674 457.6619735 463.7997100 468.6814729 469.6397837 472.5971223 478.1512407 484.4899929 490.3274823 490.7803047 496.5262536 501.3668052 504.3056627 507.6074108 511.9406761 515.7024555 518.4333139 521.5232996 523.5263951 524.6592410 525.9388416 560.0303870 597.0349702 614.3751099 675.3995184 773.1586942 822.0001088 931.1669520 1140.720852 1416.487566 1505.324877 1890.129596 1934.153011 2376.003364 2767.076008 3657.649492 4438.320694 5220.259710 5600.289662 6013.854851 7544.253775 8692.800873 11218.46814 13324.79121 14409.21431 18627.37897 24547.28103 72962.80511 91309.60946 939406.4074
