    unsorted:	 385.5314224 385.5314224 385.5314224 385.5314224 385.5314224 385.5314224 385.5314224 385.5314224 385.5314224 385.5314224 385.5314224 385.5314224 385.5314224 385.5314224 385.5314224 385.5314224 423.7207178 419.7829487 416.8770291 414.9367449 412.0647140 409.1436478 428.1501979 406.4669422 432.9830082 438.1665192 396.4221636 398.4295881 385.4527070 384.4709956 389.9216769 443.6490106 380.5367667 449.3058892 454.4553502 456.6463009 461.4379028 466.3807667 470.1584158 475.1435869 480.9242318 486.5083474 489.9222083 492.7217326 498.4429308 496.7569054 500.0320763 502.4985644 505.4848707 508.5050601 511.6080157 514.0602373 515.8715819 516.9593894 361.1170038 358.1879382 348.3145378 346.9342839 327.3449562 544.4446617 315.0860040 298.5051110 564.6562798 277.9816054 249.2255782 207.9576875 203.8435774 177.3312687 151.3585442 655.6573984 679.1099637 119.4662596 75.28548189 63.97286481 29.44689776 37.97292597 10.51883870 10.02073134 7.002912945 0.5615387965 0.08018189315 22.75950892 824.0154352 972.4401304 1035.133318 1149.905588 1443.157754 1528.835046 1679.975331 2410.051486 2658.258164 3089.095430 4211.111110 4668.944691 5165.811492 5702.976696 6278.987959 8597.200554 10849.23014 19518.45524 18915.92377 58618.07846 67927.29896 820403.3743
      sorted:	 0.08018189315 0.5615387965 7.002912945 10.02073134 10.51883870 22.75950892 29.44689776 37.97292597 63.97286481 75.28548189 119.4662596 151.3585442 177.3312687 203.8435774 207.9576875 249.2255782 277.9816054 298.5051110 315.0860040 327.3449562 346.9342839 348.3145378 358.1879382 361.1170038 380.5367667 384.4709956 385.4527070 385.5314224 385.5314224 385.5314224 385.5314224 385.5314224 385.5314224 385.5314224 385.5314224 385.5314224 385.5314224 385.5314224 385.5314224 385.5314224 385.5314224 385.5314224 385.5314224 389.9216769 396.4221636 398.4295881 406.4669422 409.1436478 412.0647140 414.9367449 416.8770291 419.7829487 423.7207178 428.1501979 432.9830082 438.1665192 443.6490106 449.3058892 454.4553502 456.6463009 461.4379028 466.3807667 470.1584158 475.1435869 480.9242318 486.5083474 489.9222083 492.7217326 496.7569054 498.4429308 500.0320763 502.4985644 505.4848707 508.5050601 511.6080157 514.0602373 515.8715819 516.9593894 544.4446617 564.6562798 655.6573984 679.1099637 824.0154352 972.4401304 1035.133318 1149.905588 1443.157754 1528.835046 1679.975331 2410.051486 2658.258164 3089.095430 4211.111110 4668.944691 5165.811492 5702.976696 6278.987959 8597.200554 10849.23014 18915.92377 19518.45524 58618.07846 67927.29896 820403.3743
