    unsorted:	 385.5314224 385.5314224 385.5314224 385.5314224 385.5314224 385.5314224 385.5314224 385.5314224 385.5314224 385.5314224 385.5314224 385.5314224 385.5314224 385.5314224 424.1529445 420.1503459 417.4651281 415.5614491 412.4708519 428.6561559 409.4674999 433.7883810 433.1981435 406.7394959 438.9005719 444.5094203 450.3561650 456.2188731 460.8673161 464.3378580 470.0228154 389.6287392 385.4580416 395.0023542 382.8080515 379.3828945 476.3080111 483.1059143 481.9916836 488.9542667 494.4739077 497.6057186 498.3608966 501.2425123 505.5129987 510.0030869 511.6644176 514.6244794 517.7527273 519.6678381 521.7551274 522.8537307 359.7990997 355.5797912 349.2263976 347.1595806 332.7418055 331.4435317 317.8038315 313.4578794 306.2632489 553.1267850 280.9974573 274.5924860 249.0836186 608.6756611 194.8901366 177.8680104 171.7749409 144.4252992 662.1870888 102.5932225 67.08680926 41.80358525 0.07352782544 0.06759758833 1.636789331 15.38594998 12.16126373 30.47107509 735.5723764 795.5219225 992.0484642 1240.087973 1327.522157 1534.220450 1693.658897 2085.435184 2541.650895 3244.364858 3859.821319 4705.298153 5233.192740 5700.815899 6724.994731 7948.557629 10208.82151 12325.88980 18914.89657 19568.00143 30988.69916 65606.76714 74661.09789 896203.6113
      sorted:	 0.06759758833 0.07352782544 1.636789331 12.16126373 15.38594998 30.47107509 41.80358525 67.08680926 102.5932225 144.4252992 171.7749409 177.8680104 194.8901366 249.0836186 274.5924860 280.9974573 306.2632489 313.4578794 317.8038315 331.4435317 332.7418055 347.1595806 349.2263976 355.5797912 359.7990997 379.3828945 382.8080515 385.4580416 385.5314224 385.5314224 385.5314224 385.5314224 385.5314224 385.5314224 385.5314224 385.5314224 385.5314224 385.5314224 385.5314224 385.5314224 385.5314224 385.5314224 389.6287392 395.0023542 406.7394959 409.4674999 412.4708519 415.5614491 417.4651281 420.1503459 424.1529445 428.6561559 433.1981435 433.7883810 438.9005719 444.5094203 450.3561650 456.2188731 460.8673161 464.3378580 470.0228154 476.3080111 481.9916836 483.1059143 488.9542667 494.4739077 497.6057186 498.3608966 501.2425123 505.5129987 510.0030869 511.6644176 514.6244794 517.7527273 519.6678381 521.7551274 522.8537307 553.1267850 608.6756611 662.1870888 735.5723764 795.5219225 992.0484642 1240.087973 1327.522157 1534.220450 1693.658897 2085.435184 2541.650895 3244.364858 3859.821319 4705.298153 5233.192740 5700.815899 6724.994731 7948.557629 10208.82151 12325.88980 18914.89657 19568.00143 30988.69916 65606.76714 74661.09789 896203.6113
