    unsorted:	 385.5314224 385.5314224 385.5314224 385.5314224 385.5314224 385.5314224 385.5314224 385.5314224 385.5314224 385.5314224 415.7949962 416.2560520 416.4820805 419.6033015 412.6054388 412.1739916 423.7842393 428.3771083 432.2641704 433.4478509 435.8977656 438.8766253 444.6244228 404.4304534 450.2413498 453.4516636 457.8507535 399.5833288 395.1058514 394.2342417 389.9081585 461.7653932 465.9736338 472.6070967 479.6720792 486.7493331 493.1393168 497.1012441 502.5603640 509.1287059 515.3055918 515.8901596 513.7625541 520.9656248 525.0727109 528.4594531 533.1312713 377.1863620 537.0229346 539.6922440 542.4540875 543.7862023 545.4794877 369.4184345 332.3123365 326.7310610 321.2452964 292.8361193 291.7119598 285.3946998 269.3528472 271.1777331 252.7894684 613.0741017 198.8914558 200.2315305 651.2915198 154.7003556 125.6084589 703.8066576 111.8130295 0.09587951305 0.08507756734 0.1190837524 56.68219539 22.14127469 20.65152105 7.535897656 795.1606209 908.1413540 1038.127816 1176.606386 1311.966288 1650.109902 1855.604685 2513.074817 2650.217523 3021.596688 3352.211424 4485.862994 4908.769735 6539.207253 6295.228805 7759.286066 8586.042832 10487.54170 12627.65054 15839.13050 17808.63673 17596.13892 27809.63652 83864.50954 114744.6983 1223611.463
      sorted:	 0.08507756734 0.09587951305 0.1190837524 7.535897656 20.65152105 22.14127469 56.68219539 111.8130295 125.6084589 154.7003556 198.8914558 200.2315305 252.7894684 269.3528472 271.1777331 285.3946998 291.7119598 292.8361193 321.2452964 326.7310610 332.3123365 369.4184345 377.1863620 385.5314224 385.5314224 385.5314224 385.5314224 385.5314224 385.5314224 385.5314224 385.5314224 385.5314224 385.5314224 389.9081585 394.2342417 395.1058514 399.5833288 404.4304534 412.1739916 412.6054388 415.7949962 416.2560520 416.4820805 419.6033015 423.7842393 428.3771083 432.2641704 433.4478509 435.8977656 438.8766253 444.6244228 450.2413498 453.4516636 457.8507535 461.7653932 465.9736338 472.6070967 479.6720792 486.7493331 493.1393168 497.1012441 502.5603640 509.1287059 513.7625541 515.3055918 515.8901596 520.9656248 525.0727109 528.4594531 533.1312713 537.0229346 539.6922440 542.4540875 543.7862023 545.4794877 613.0741017 651.2915198 703.8066576 795.1606209 908.1413540 1038.127816 1176.606386 1311.966288 1650.109902 1855.604685 2513.074817 2650.217523 3021.596688 3352.211424 4485.862994 4908.769735 6295.228805 6539.207253 7759.286066 8586.042832 10487.54170 12627.65054 15839.13050 17596.13892 17808.63673 27809.63652 83864.50954 114744.6983 1223611.463
