    unsorted:	 385.5314224 385.5314224 385.5314224 385.5314224 385.5314224 385.5314224 385.5314224 385.5314224 385.5314224 385.5314224 412.0725203 411.6929614 413.0943998 415.4387824 416.9248770 419.1663779 423.3047501 427.8641568 430.5802542 432.8520237 434.9526826 438.2861654 444.0995847 402.0810156 385.4732034 385.3185417 385.9994552 397.2854992 450.2149259 456.1940536 460.0475505 464.7815988 470.4296007 472.3728665 478.9177947 377.5742975 486.0710760 501.9806247 493.0658592 498.1292232 508.3318936 514.6095668 515.7940734 520.3633539 525.0458363 527.8888271 532.2959016 535.3497885 537.3118921 539.9045478 541.6587413 543.1265731 367.7541635 350.7618446 339.4776597 331.3053395 569.7459051 322.4924125 309.3910771 301.8430646 291.2082739 272.1237133 261.5869228 252.1414035 646.7421840 201.5337072 195.7569003 691.6647038 143.2410006 116.9676012 119.3445571 55.82054299 25.85222106 24.34833605 0.1354867460 0.09373745163 5.107154120 11.20174524 760.8077868 830.5123632 891.0884199 1045.905752 1212.805989 1539.185201 1713.783736 2389.540123 2515.506370 2622.376515 2920.612130 3360.664904 4366.013907 4594.082661 5040.659471 6203.872112 7420.114488 10168.87010 10644.83044 14853.11774 16376.22629 17808.09420 26935.91441 80255.07069 108404.4475 1142403.862
      sorted:	 0.09373745163 0.1354867460 5.107154120 11.20174524 24.34833605 25.85222106 55.82054299 116.9676012 119.3445571 143.2410006 195.7569003 201.5337072 252.1414035 261.5869228 272.1237133 291.2082739 301.8430646 309.3910771 322.4924125 331.3053395 339.4776597 350.7618446 367.7541635 377.5742975 385.3185417 385.4732034 385.5314224 385.5314224 385.5314224 385.5314224 385.5314224 385.5314224 385.5314224 385.5314224 385.5314224 385.5314224 385.9994552 397.2854992 402.0810156 411.6929614 412.0725203 413.0943998 415.4387824 416.9248770 419.1663779 423.3047501 427.8641568 430.5802542 432.8520237 434.9526826 438.2861654 444.0995847 450.2149259 456.1940536 460.0475505 464.7815988 470.4296007 472.3728665 478.9177947 486.0710760 493.0658592 498.1292232 501.9806247 508.3318936 514.6095668 515.7940734 520.3633539 525.0458363 527.8888271 532.2959016 535.3497885 537.3118921 539.9045478 541.6587413 543.1265731 569.7459051 646.7421840 691.6647038 760.8077868 830.5123632 891.0884199 1045.905752 1212.805989 1539.185201 1713.783736 2389.540123 2515.506370 2622.376515 2920.612130 3360.664904 4366.013907 4594.082661 5040.659471 6203.872112 7420.114488 10168.87010 10644.83044 14853.11774 16376.22629 17808.09420 26935.91441 80255.07069 108404.4475 1142403.862
