    unsorted:	 385.5314224 385.5314224 385.5314224 385.5314224 385.5314224 385.5314224 420.2390184 418.3250986 416.3986569 424.4901450 414.1151911 412.8549046 429.1604469 433.6595636 434.3314527 437.6793251 439.8236966 406.5293843 445.6528067 401.6145577 397.5896838 395.5411166 393.4492437 392.1156996 451.4056020 454.7908789 459.0008695 462.8997547 467.3469031 474.0599911 481.2046724 378.7037037 488.3649380 494.8485171 498.8764703 504.3551839 510.9641311 515.1422787 515.9251503 517.5063446 522.9667855 527.0666813 530.5704791 371.1953443 535.3380551 539.2661598 541.9204723 544.7798375 545.8780090 546.6644269 356.8334624 334.1208002 329.4200355 322.5532024 295.8935912 292.1067228 280.6232276 266.8435096 271.4432000 255.9980330 616.2791521 647.1361243 191.9669984 202.5005665 178.7090948 704.3780297 129.0463863 116.8462010 0.09665976531 0.1074882138 0.08415428615 7.776373555 16.72578685 19.57416128 57.00861815 801.4856609 914.1642923 1042.800725 1192.900569 1321.047022 1657.826024 1748.545505 1872.721402 2652.404470 3034.897755 3371.793975 4490.756536 4930.464343 6297.907138 6656.010437 7735.386129 8436.875568 10580.16705 12852.21060 15909.59732 17790.06137 17836.43830 27931.67312 84251.95747 115715.0557 1226800.908
      sorted:	 0.08415428615 0.09665976531 0.1074882138 7.776373555 16.72578685 19.57416128 57.00861815 116.8462010 129.0463863 178.7090948 191.9669984 202.5005665 255.9980330 266.8435096 271.4432000 280.6232276 292.1067228 295.8935912 322.5532024 329.4200355 334.1208002 356.8334624 371.1953443 378.7037037 385.5314224 385.5314224 385.5314224 385.5314224 385.5314224 385.5314224 392.1156996 393.4492437 395.5411166 397.5896838 401.6145577 406.5293843 412.8549046 414.1151911 416.3986569 418.3250986 420.2390184 424.4901450 429.1604469 433.6595636 434.3314527 437.6793251 439.8236966 445.6528067 451.4056020 454.7908789 459.0008695 462.8997547 467.3469031 474.0599911 481.2046724 488.3649380 494.8485171 498.8764703 504.3551839 510.9641311 515.1422787 515.9251503 517.5063446 522.9667855 527.0666813 530.5704791 535.3380551 539.2661598 541.9204723 544.7798375 545.8780090 546.6644269 616.2791521 647.1361243 704.3780297 801.4856609 914.1642923 1042.800725 1192.900569 1321.047022 1657.826024 1748.545505 1872.721402 2652.404470 3034.897755 3371.793975 4490.756536 4930.464343 6297.907138 6656.010437 7735.386129 8436.875568 10580.16705 12852.21060 15909.59732 17790.06137 17836.43830 27931.67312 84251.95747 115715.0557 1226800.908
