    unsorted:	 385.5314224 385.5314224 385.5314224 385.5314224 385.5314224 385.5314224 385.5314224 385.5314224 385.5314224 420.7584521 420.5820065 416.8322980 415.1122406 413.2422798 424.9664540 429.5832259 431.4712354 433.5027483 435.2454141 437.1015745 410.6931878 440.6074803 408.3609716 446.4942235 452.2749321 454.9144324 459.1464505 397.1246288 397.0522103 394.7991922 462.6858959 468.0874558 475.0386967 482.2956000 489.5386474 379.0909113 495.9062700 499.5918643 505.4437936 511.9304404 513.7494999 518.7624179 524.2725121 527.9689062 531.7147251 536.6621466 540.0546285 542.5777426 543.9392764 545.9932257 547.3982872 371.3261540 550.8632095 335.0390015 331.0862828 324.8885570 322.3586073 297.9083285 293.7541411 282.5307707 273.2734127 258.1340827 257.9644588 607.8313604 634.3183176 203.1154152 182.7450252 177.9756708 676.1303605 130.7600669 124.5041534 720.6928415 56.59830616 0.09565499174 0.1073458593 9.347221776 13.27671917 16.94785413 7.051413325 813.3182874 959.9719285 1215.868416 1332.584049 1670.393155 1777.399397 1886.009054 2083.820095 2717.429563 3078.031138 3490.581215 4674.874194 5155.954900 6414.657160 7741.596023 8194.938947 10576.71200 15001.32135 16053.45856 17792.44037 17842.54928 27805.33437 82598.07455 116703.5196 1226447.695
      sorted:	 0.09565499174 0.1073458593 7.051413325 9.347221776 13.27671917 16.94785413 56.59830616 124.5041534 130.7600669 177.9756708 182.7450252 203.1154152 257.9644588 258.1340827 273.2734127 282.5307707 293.7541411 297.9083285 322.3586073 324.8885570 331.0862828 335.0390015 371.3261540 379.0909113 385.5314224 385.5314224 385.5314224 385.5314224 385.5314224 385.5314224 385.5314224 385.5314224 385.5314224 394.7991922 397.0522103 397.1246288 408.3609716 410.6931878 413.2422798 415.1122406 416.8322980 420.5820065 420.7584521 424.9664540 429.5832259 431.4712354 433.5027483 435.2454141 437.1015745 440.6074803 446.4942235 452.2749321 454.9144324 459.1464505 462.6858959 468.0874558 475.0386967 482.2956000 489.5386474 495.9062700 499.5918643 505.4437936 511.9304404 513.7494999 518.7624179 524.2725121 527.9689062 531.7147251 536.6621466 540.0546285 542.5777426 543.9392764 545.9932257 547.3982872 550.8632095 607.8313604 634.3183176 676.1303605 720.6928415 813.3182874 959.9719285 1215.868416 1332.584049 1670.393155 1777.399397 1886.009054 2083.820095 2717.429563 3078.031138 3490.581215 4674.874194 5155.954900 6414.657160 7741.596023 8194.938947 10576.71200 15001.32135 16053.45856 17792.44037 17842.54928 27805.33437 82598.07455 116703.5196 1226447.695
