    unsorted:	 385.5314224 385.5314224 385.5314224 385.5314224 385.5314224 385.5314224 445.4878316 445.9365208 444.3487758 442.3803072 438.6000520 451.2925921 433.1546048 428.1060327 423.4965563 421.9021152 419.3157316 418.5985968 415.5282617 415.0900236 457.7671805 459.7277948 465.3986761 472.8554666 469.9273070 473.3576557 403.9528514 480.4257570 400.4149813 397.6994004 488.0027830 489.8015003 495.3646464 385.6681224 499.2583569 504.5182279 511.7661852 515.4315090 518.7658876 525.0190506 528.9598206 532.7563363 538.1553660 542.5840048 545.5071103 549.3363499 551.6558589 553.3099034 374.4910463 560.8560291 360.9106405 341.1533920 353.6848954 341.8109555 337.9546331 327.9424381 329.6977359 303.4082256 301.3442720 596.1950013 278.7720659 262.9089810 217.5357284 666.1622081 200.2871664 152.6776675 724.2179596 127.1103072 72.77388300 45.62611340 52.88096784 0.1572144183 0.09112499552 0.2348160663 12.03483756 13.76373485 11.06819540 830.2988577 935.6701336 998.2975728 1092.854859 1188.563024 1372.557406 1443.122349 1702.649227 1788.272485 2296.375519 2608.890280 3249.154877 3513.399896 4169.183491 5187.349063 5634.450562 7060.022558 7168.813222 9379.463209 11219.35416 17808.36769 17461.73963 20765.30178 29260.29088 81880.62088 135402.3002 1435948.541
      sorted:	 0.09112499552 0.1572144183 0.2348160663 11.06819540 12.03483756 13.76373485 45.62611340 52.88096784 72.77388300 127.1103072 152.6776675 200.2871664 217.5357284 262.9089810 278.7720659 301.3442720 303.4082256 327.9424381 329.6977359 337.9546331 341.1533920 341.8109555 353.6848954 360.9106405 374.4910463 385.5314224 385.5314224 385.5314224 385.5314224 385.5314224 385.5314224 385.6681224 397.6994004 400.4149813 403.9528514 415.0900236 415.5282617 418.5985968 419.3157316 421.9021152 423.4965563 428.1060327 433.1546048 438.6000520 442.3803072 444.3487758 445.4878316 445.9365208 451.2925921 457.7671805 459.7277948 465.3986761 469.9273070 472.8554666 473.3576557 480.4257570 488.0027830 489.8015003 495.3646464 499.2583569 504.5182279 511.7661852 515.4315090 518.7658876 525.0190506 528.9598206 532.7563363 538.1553660 542.5840048 545.5071103 549.3363499 551.6558589 553.3099034 560.8560291 596.1950013 666.1622081 724.2179596 830.2988577 935.6701336 998.2975728 1092.854859 1188.563024 1372.557406 1443.122349 1702.649227 1788.272485 2296.375519 2608.890280 3249.154877 3513.399896 4169.183491 5187.349063 5634.450562 7060.022558 7168.813222 9379.463209 11219.35416 17461.73963 17808.36769 20765.30178 29260.29088 81880.62088 135402.3002 1435948.541
