    unsorted:	 385.5314224 385.5314224 385.5314224 385.5314224 385.5314224 385.5314224 385.5314224 385.5314224 385.5314224 385.5314224 385.5314224 385.5314224 385.5314224 385.5314224 385.5314224 385.5314224 385.5314224 385.5314224 413.0336658 409.9359117 416.4689170 407.1778958 406.5506042 420.2533102 424.3862914 428.8395039 433.5120612 438.0470525 441.8250019 445.8047436 449.7086856 452.6403182 457.5036519 462.1978346 464.8012276 469.5317613 398.7868114 395.4713219 474.6906530 479.1013509 483.3635352 487.6512859 489.9859130 492.6546064 495.4082899 499.2445831 501.8966072 503.1589824 506.3562489 508.7255461 510.6835958 512.5399531 513.6398225 385.4449424 387.0779953 384.3508781 371.6694738 364.1310995 346.8909805 544.6832092 336.4398215 333.5640780 305.6858113 587.6828496 280.6731559 269.7261042 249.8146053 147.9446655 174.8231161 139.2508214 668.5591833 120.0267828 52.89542353 56.98257105 72.21168420 35.76891849 29.69103474 0.04275176887 0.03639880058 2.060373685 2.243592630 9.386881143 9.612180414 24.18431403 772.1047606 892.7178906 1122.323143 1354.570612 1765.415515 1935.464966 2157.321358 2276.157013 2795.035520 3268.184021 4101.978398 4968.637676 6827.447417 8073.153257 9833.888543 17514.44634 20159.82719 48764.78561 59833.97348 750170.6531
      sorted:	 0.03639880058 0.04275176887 2.060373685 2.243592630 9.386881143 9.612180414 24.18431403 29.69103474 35.76891849 52.89542353 56.98257105 72.21168420 120.0267828 139.2508214 147.9446655 174.8231161 249.8146053 269.7261042 280.6731559 305.6858113 333.5640780 336.4398215 346.8909805 364.1310995 371.6694738 384.3508781 385.4449424 385.5314224 385.5314224 385.5314224 385.5314224 385.5314224 385.5314224 385.5314224 385.5314224 385.5314224 385.5314224 385.5314224 385.5314224 385.5314224 385.5314224 385.5314224 385.5314224 385.5314224 385.5314224 387.0779953 395.4713219 398.7868114 406.5506042 407.1778958 409.9359117 413.0336658 416.4689170 420.2533102 424.3862914 428.8395039 433.5120612 438.0470525 441.8250019 445.8047436 449.7086856 452.6403182 457.5036519 462.1978346 464.8012276 469.5317613 474.6906530 479.1013509 483.3635352 487.6512859 489.9859130 492.6546064 495.4082899 499.2445831 501.8966072 503.1589824 506.3562489 508.7255461 510.6835958 512.5399531 513.6398225 544.6832092 587.6828496 668.5591833 772.1047606 892.7178906 1122.323143 1354.570612 1765.415515 1935.464966 2157.321358 2276.157013 2795.035520 3268.184021 4101.978398 4968.637676 6827.447417 8073.153257 9833.888543 17514.44634 20159.82719 48764.78561 59833.97348 750170.6531
