    unsorted:	 385.5314224 385.5314224 385.5314224 385.5314224 385.5314224 385.5314224 385.5314224 418.7592877 419.0463941 422.9031058 422.7430335 427.3555116 427.9534923 416.0311635 415.0425613 432.4257486 437.8029226 442.4327126 444.3682164 450.1163637 450.5934805 457.0185699 460.5073545 463.9859517 467.6687899 471.7444659 404.8822566 479.1667401 401.2950272 486.7047744 485.3551823 492.1587053 495.1328494 502.1734132 505.8349544 510.5669337 387.5216242 517.5020806 523.6322295 526.5506793 531.1742480 537.0055994 540.8440971 543.0631514 548.0142492 549.3857021 551.8159492 553.1574005 374.1613728 373.0104878 354.6643906 337.9414051 327.6742270 329.1567298 575.7326241 288.5622148 297.5631490 292.6983194 280.0954272 266.6194992 254.8488334 241.6253425 226.6998031 213.1751522 656.1429274 663.7632698 187.8712994 154.0638568 143.5222602 744.5945447 51.81549237 0.1101133969 0.07280807085 0.5624740012 1.383000806 11.72820491 15.98216215 37.50826585 844.9972203 1048.986702 1246.708509 1485.235624 1567.399960 1647.312458 2038.002155 2136.859507 2335.666000 2991.672353 3109.778444 3306.192427 3873.397619 4971.183848 5465.264041 6861.614412 8541.065009 10560.26684 11068.58818 17225.92238 17807.35122 19918.86262 28258.92838 83355.11131 129360.9877 1376845.900
      sorted:	 0.07280807085 0.1101133969 0.5624740012 1.383000806 11.72820491 15.98216215 37.50826585 51.81549237 143.5222602 154.0638568 187.8712994 213.1751522 226.6998031 241.6253425 254.8488334 266.6194992 280.0954272 288.5622148 292.6983194 297.5631490 327.6742270 329.1567298 337.9414051 354.6643906 373.0104878 374.1613728 385.5314224 385.5314224 385.5314224 385.5314224 385.5314224 385.5314224 385.5314224 387.5216242 401.2950272 404.8822566 415.0425613 416.0311635 418.7592877 419.0463941 422.7430335 422.9031058 427.3555116 427.9534923 432.4257486 437.8029226 442.4327126 444.3682164 450.1163637 450.5934805 457.0185699 460.5073545 463.9859517 467.6687899 471.7444659 479.1667401 485.3551823 486.7047744 492.1587053 495.1328494 502.1734132 505.8349544 510.5669337 517.5020806 523.6322295 526.5506793 531.1742480 537.0055994 540.8440971 543.0631514 548.0142492 549.3857021 551.8159492 553.1574005 575.7326241 656.1429274 663.7632698 744.5945447 844.9972203 1048.986702 1246.708509 1485.235624 1567.399960 1647.312458 2038.002155 2136.859507 2335.666000 2991.672353 3109.778444 3306.192427 3873.397619 4971.183848 5465.264041 6861.614412 8541.065009 10560.26684 11068.58818 17225.92238 17807.35122 19918.86262 28258.92838 83355.11131 129360.9877 1376845.900
