    unsorted:	 385.5314224 385.5314224 385.5314224 385.5314224 385.5314224 385.5314224 385.5314224 385.5314224 385.5314224 385.5314224 385.5314224 385.5314224 424.3952514 424.7977114 423.9513354 420.1037004 428.9648362 416.2794947 412.8274438 409.7226263 433.9954505 439.4031436 404.1033655 445.0554030 449.2631491 451.8783546 457.4254787 401.0254437 461.2900866 465.7222407 385.4661725 384.6024091 383.7245497 391.5082348 472.0690346 478.7442229 485.3368615 486.9461279 491.2448877 494.2092502 499.3662141 505.5493535 503.4572306 510.5295026 514.2913473 516.3884082 520.7747098 523.9211872 525.7685965 529.0548451 530.9342304 532.2949360 369.1951013 366.1313841 362.3490457 339.9798489 555.6668541 326.4273702 319.6616698 314.8439392 289.1457777 285.1330273 268.1987917 265.3508275 235.7134478 626.0501733 194.8212481 190.7790266 184.0917083 681.4877135 698.3224146 107.1407076 65.33631513 48.10504740 0.08873383795 0.1182229302 0.2523980883 2.339252311 25.78298465 24.27811916 823.9033991 898.7572861 1023.184618 1159.926234 1393.737505 1518.786601 2077.317093 2539.325707 3046.402634 3948.191334 4308.398618 5845.591105 6213.930143 7390.172710 9479.366814 12620.75406 14559.51546 17207.12565 18345.93369 25373.83151 26146.59612 72499.96810 95857.35401 1058742.104
      sorted:	 0.08873383795 0.1182229302 0.2523980883 2.339252311 24.27811916 25.78298465 48.10504740 65.33631513 107.1407076 184.0917083 190.7790266 194.8212481 235.7134478 265.3508275 268.1987917 285.1330273 289.1457777 314.8439392 319.6616698 326.4273702 339.9798489 362.3490457 366.1313841 369.1951013 383.7245497 384.6024091 385.4661725 385.5314224 385.5314224 385.5314224 385.5314224 385.5314224 385.5314224 385.5314224 385.5314224 385.5314224 385.5314224 385.5314224 385.5314224 391.5082348 401.0254437 404.1033655 409.7226263 412.8274438 416.2794947 420.1037004 423.9513354 424.3952514 424.7977114 428.9648362 433.9954505 439.4031436 445.0554030 449.2631491 451.8783546 457.4254787 461.2900866 465.7222407 472.0690346 478.7442229 485.3368615 486.9461279 491.2448877 494.2092502 499.3662141 503.4572306 505.5493535 510.5295026 514.2913473 516.3884082 520.7747098 523.9211872 525.7685965 529.0548451 530.9342304 532.2949360 555.6668541 626.0501733 681.4877135 698.3224146 823.9033991 898.7572861 1023.184618 1159.926234 1393.737505 1518.786601 2077.317093 2539.325707 3046.402634 3948.191334 4308.398618 5845.591105 6213.930143 7390.172710 9479.366814 12620.75406 14559.51546 17207.12565 18345.93369 25373.83151 26146.59612 72499.96810 95857.35401 1058742.104
