    unsorted:	 385.5314224 385.5314224 385.5314224 385.5314224 385.5314224 385.5314224 385.5314224 385.5314224 385.5314224 385.5314224 385.5314224 416.5202284 416.1345820 420.0338593 419.1021578 412.7222413 409.6348437 424.2025876 407.6192661 428.8135703 404.6234555 433.8287801 438.8762637 439.6249276 445.0452349 450.9330156 455.9700528 459.5606579 465.2518148 385.4663511 388.7371383 391.7923919 471.8326609 478.5785657 484.4003297 485.9405727 492.0073049 496.0183166 499.8932797 505.5308134 510.6044641 512.8318585 515.5542815 516.6706431 521.4674774 522.8638403 526.1687954 530.6785083 528.9580511 532.0578376 371.2312776 369.3444043 358.6816877 359.3030087 352.0207296 555.8888775 321.5940802 317.9192849 313.3792749 306.2858343 284.0202250 274.5767098 264.1245238 606.5087027 233.2354869 215.3455809 650.5479135 187.0394227 144.5133767 100.8305335 743.6468420 753.0235529 51.75672975 40.32987643 28.82806038 25.13892836 0.1373523740 0.08174763120 1.862057256 18.21672970 888.6600663 1030.507290 1159.759178 1433.695984 1589.181183 1631.825180 2308.409412 2517.421107 2806.553444 3453.761531 4141.782807 4912.578543 6074.553012 6662.386102 7901.306637 9776.602789 13355.30322 15238.40004 18070.38263 25742.43140 27139.44229 76452.99850 102456.5309 1074864.984
      sorted:	 0.08174763120 0.1373523740 1.862057256 18.21672970 25.13892836 28.82806038 40.32987643 51.75672975 100.8305335 144.5133767 187.0394227 215.3455809 233.2354869 264.1245238 274.5767098 284.0202250 306.2858343 313.3792749 317.9192849 321.5940802 352.0207296 358.6816877 359.3030087 369.3444043 371.2312776 385.4663511 385.5314224 385.5314224 385.5314224 385.5314224 385.5314224 385.5314224 385.5314224 385.5314224 385.5314224 385.5314224 385.5314224 388.7371383 391.7923919 404.6234555 407.6192661 409.6348437 412.7222413 416.1345820 416.5202284 419.1021578 420.0338593 424.2025876 428.8135703 433.8287801 438.8762637 439.6249276 445.0452349 450.9330156 455.9700528 459.5606579 465.2518148 471.8326609 478.5785657 484.4003297 485.9405727 492.0073049 496.0183166 499.8932797 505.5308134 510.6044641 512.8318585 515.5542815 516.6706431 521.4674774 522.8638403 526.1687954 528.9580511 530.6785083 532.0578376 555.8888775 606.5087027 650.5479135 743.6468420 753.0235529 888.6600663 1030.507290 1159.759178 1433.695984 1589.181183 1631.825180 2308.409412 2517.421107 2806.553444 3453.761531 4141.782807 4912.578543 6074.553012 6662.386102 7901.306637 9776.602789 13355.30322 15238.40004 18070.38263 25742.43140 27139.44229 76452.99850 102456.5309 1074864.984
